# NOME: Direttrice 16 (Cremona - Treviglio)
# CAPOLINEA: CENTRALE, BRESCIA, CREMONA, TREVIGLIO, GARIBALDI, CERTOSA

# SERVIZIO: R6

10601, 10603, 10605, 10647, 10607, 10649, 10609, 10651, 10613, 10615, 10617, 10619, 10621, 10623, 10625, 10627, 10629, 10631, 10633, 10635, 10637, 10639, 10641, 10643

<<<<<<< HEAD
10600, 10602, 10604, 10606, 10648, 10656, 10608, 10610-S01915, 10612, 10614, 10616, 10618, 10620, 10622, 10624, 10626, 10628, 10630, 10632, 10634, 10636, 10638, 10640
=======
10600, 10602, 10604, 10606, 10648, 10656, 10608, 10610-S01915, 10612, 10614, 10616, 10618, 10620, 10622, 10624, 10626, 10628, 10630, 10632, 10634, 10636, 10638, 10640
>>>>>>> 36766d55696c39206d0b38ac007bcdc2f3b5eb00
