# NOME: Direttrice 17 (Verona - Brescia - Milano / Brescia - Treviglio - Milano)
# CAPOLINEA: CENTRALE, VERONA, GARIBALDI, BOLZANO, BRESCIA, PIRELLI

# SERVIZIO: RE6

2613, 2693, 2691, 2615, 2655, 2617, 2657, 2619, 2601, 2621, 2623, 2625, 2627, 2629, 2631, 2671, 2633, 2673, 2635, 2675, 2637, 2677, 2639, 2641, 2643, 2645, 2647, 2607

2614, 2656, 2616, 2606, 2618, 2608, 2660, 2620, 2622, 2624, 2626, 2668, 2628, 2630, 2600, 2632, 2634, 2636, 2638, 2696, 2695, 2697, 2680, 2640, 2682, 2642, 2644, 2686, 2646, 2648


# SERVIZIO: R4

10911, 10913, 10915, 10917, 10919, 19025, 10929, 10931, 10933, 10935, 10905, 10937, 10907, 10939, 10941, 10943, 10945

10910, 10906, 10914, 10906, 10916, 10918, 10920, 10926, 10928, 10930, 10932, 10934, 10936, 10938, 10940, 10944
