# NOME: Direttrice 2 (Saronno - Seregno - Milano - Albairate / Albairate-Milano Rogoredo)
# CAPOLINEA: SARONNO, ALBAIRATE, ROGOREDO, LAMBRATE

# SERVIZIO: S9

24915, 24917, 24919, 24921, 24923, 24925, 24927, 24903, 24929, 24931, 24933, 24935, 24905, 24937, 24939, 24941, 24943, 24945, 24947, 24949, 24951, 24953, 24955, 24907, 24957, 24959, 24961, 24963, 24965, 24967, 24993, 24969, 24995, 24971, 24973, 24997, 24975, 24977, 24979, 24981, 24985

24914, 24916, 24918, 24920, 24922, 24902, 24924, 24926, 24928, 24930, 24904, 24932, 24934, 249936, 24938, 24940, 24942, 24944, 24946, 24948, 24950, 24906, 24952, 24954, 24956, 24958, 24960, 24992, 24962, 24964, 24994, 24966, 24968, 24996, 24970, 24972, 24974, 24976, 24978, 24980, 24982, 24984, 24986


# SERVIZIO: S19

25917, 25919, 25923, 25925, 25927, 25929, 25931, 25933, 25935, 25937, 25939, 25941, 25943, 25945, 25947, 25949, 25951, 25953, 25955, 25957, 25959, 25961, 25963, 25965, 25967, 25969, 25971, 25973, 25975

25920, 25922, 25924, 25926, 25928, 25930, 25932, 25934, 25936, 25938, 25940, 25942, 25944, 25946, 25948, 25950, 25952, 25954, 25956, 25958, 25960, 25962, 25964, 25966, 25968, 25970, 25972, 25974, 25976, 25978, 25980, 25982