# NOME: Direttrice 22 (Alessandria - Pavia - Milano / Pavia - Voghera / Pavia - Passante - Bovisa)
# CAPOLINEA: PAVIA, BOVISA, GARBAGNATE, STABIO

# SERVIZIO: RE13




# SERVIZIO: R33





# SERVIZIO: S13 

24316, 24418, 24318, 24320, 24420, 24322, 24422, 24324, 24424, 24326, 24426, 24428, 24328, 24430, 24330, 24332, 24432, 24434, 24334, 24436, 24336, 24438, 24338, 24440, 24340, 24342, 24442, 24344, 24444, 24346, 24446, 24448, 24348, 24450, 24350, 24452, 24352, 24454, 24456, 24356, 24458, 24358, 24460, 24360, 24462, 24362, 24464, 24364, 24366, 24368, 24370, 24372, 24374, 24376, 24378, 24380, 24382, 24384, 24386

24311, 24313, 24315, 24317, 24319, 24321, 24421, 24323, 24423, 24325, 24425, 24327, 24427, 24329, 24429, 24331, 24431, 24333, 24433, 24335, 24435, 24337, 24437, 24339, 24439, 24341, 24441, 24343, 24443, 24345, 24445, 24447, 24347, 24349, 24449, 24351, 24451, 24353, 24453, 24355, 24455, 24357, 24457, 24359, 24459, 24361, 24461, 24363, 24463, 24365, 24465, 24367, 24467, 24369, 24371, 24373, 24375, 24377, 24379, 24381, 24373

