# NOME: Direttrice 37 (Mariano/Camnago - Milano)
# CAPOLINEA: SEVESO, BOVISA, CADORNA, MARIANO, CAMNAGO, ROGOREDO, GARIBALDI

# SERVIZIO: S2

22613, 24217, 24218, 22619, 24220, 22623, 24222, 22625, 24224, 22627, 24226, 22629, 24228, 22631, 24230, 22633, 24232, 22635, 24234, 22637, 24236, 22639, 24238, 22643, 24240, 22645, 24242, 22647, 24244, 22649, 24246, 22651, 24248, 22655, 24250, 22657, 24252, 22659, 24254, 22661, 24256, 22663, 24258,22665, 24260, 22669, 24262, 22675, 24264, 22677, 24266, 22681, 24268, 22683, 24270, 22685, 24272, 22687

22620, 24221, 22620, 24223, 22624, 24225, 22626, 24227, 22628, 24229, 22630, 24231, 22632, 24233. 22634, 24235, 22636, 24237, 22638, 24239, 22340, 24241, 22642, 24243, 22644, 24245, 22646, 24247, 22648, 24249, 22650, 24251, 22652, 24255, 22656, 24257, 22660, 24259, 22662, 24261, 22664, 24263, 22668, 24265, 22670, 24267, 22672, 24269, 22674, 24271, 22678, 24273, 22680, 22682

# SERVIZIO: S4

701, 1709, 711, 715, 719, 723, 725, 727, 729, 731, 733, 735, 737, 739, 743, 745, 747, 749, 751, 755, 757, 759, 761, 765, 769, 771, 775, 777,781, 783, 785, 787, 789, 791, 793, 795, 797

712, 716, 720, 724, 726, 728, 730, 732, 734, 736, 738, 740, 742, 744, 746,748, 750, 752, 754, 756, 758, 760, 762, 768, 770, 772, 774, 778, 780, 782, 784, 786, 788, 790, 792
 