# NOME: Direttrice 30 (Laveno - Varese - Saronno - Milano / Varese - Saronno - Milano)
# CAPOLINEA: VARESE, CADORNA, LAVENO, TRADATE, SARONNO

# SERVIZIO: RE1

1011, 13, 1015, 19, 25, 4027, 29, 31, 1035, 4037, 1037, 1039, 1041, 4043, 47, 51, 55, 61, 2065, 67, 2071, 75, 2075, 4079, 2081, 83

312, 2014, 2016, 4018, 20, 2024, 4026, 26, 1030, 30, 36, 40, 44, 1046, 4048, 1052, 4054, 1054, 56, 58, 66, 70, 4074, 78, 82, 84

# SERVIZIO: R22

10009, 10017, 12021, 10023, 10029, 10031, 10035, 10041, 11043, 10045, 12047, 10049, 12053, 10055, 12057, 10059, 12063, 10065, 11069,  10073, 12079, 11081, 12085, 10089, 10091

10010, 11012, 14014, 12018, 10022, 12026, 10028, 11030, 10032, 10036, 10040, 10044,11044, 10046, 1048, 10052, 11054, 10056, 12058, 10060, 12062, 10066, 12068, 10072, 12074, 10078, 11078, 12082, 10090