# NOME: Direttrice 31 (Como - Saronno – Milano)
# CAPOLINEA: LAGO, CADORNA

# SERVIZIO: RE7

4125, 4129, 3147, 2157, 2169, 2185

2116, 2120, 3168, 4174


# SERVIZIO: R17

2107, 111, 2113, 4113, 1115, 117, 2121,, 123, 2125, 129, 131, 135, 1139, 141, 1143, 145, 2147, 149, 2153, 155, 159, 1163, 165, 169, 173, 1177, 179, 1181, 183, 187, 191

110, 1112, 114, 1118, 122, 1126, 126, 1128, 132, 2134, 136, 140, 144, 1144, 146, 1148, 150, 2152, 154, 2156, 160, 2162, 166, 168, 170, 1174, 176, 178, 180, 1182, 184, 188
