# NOME: Direttrice 6 (Milano - Como - Chiasso)
# CAPOLINEA: COMO, RHO, GARIBALDI, CHIASSO, CENTRALE, LOCARNO, VARE, CAMERLATA

# SERVIZIO: S11
25017, 25219, 25021, 25023, 25223, 25025, 25027, 25227, 25029, 25031, 25231, 25033, 25035, 25235, 25037, 25039, 25239, 25041, 25043, 25243, 25045, 25047, 25247, 25049, 25051, 25251, 25053, 25055, 25255, 25057, 25059, 25259, 25061, 25063, 25263, 25065, 25067, 25267, 25069, 25071, 25271, 25073, 25075, 25077, 25079, 25081, 25187, 25085, 25087

25016, 25018, 25020, 25022, 25221, 25024, 25026, 25225, 25028, 25030, 25229, 25032, 25034, 25233, 25036, 25038, 25237, 25040, 25042, 25241, 25044, 25046, 25245, 25048, 25050, 25249, 25052, 25054, 25253, 25056, 25058, 25257, 25060, 25062, 25261, 25064, 25066, 25265, 25068, 25070, 25269, 25072, 25074, 25273, 25076, 25078, 25277, 25080, 25082, 25084, 25192

# SERVIZIO: RE80
25503, 25201, 25507, 25509, 25511, 25513, 25517, 25519, 25521, 25523, 25525, 25527, 25529, 25531, 25533, 25535, 25537

25502, 25506, 25508, 25510, 25512, 25514, 25516, 25518, 25520, 25522, 25524, 25526, 25528, 25530, 25532, 25534, 25536, 25538

# SERVIZIO: S40
25406, 25407, 25408, 25409, 25410, 25411, 25412, 25413, 25414, 25415, 25416, 25417, 25418, 25419, 25420, 25421, 25422, 25423, 25424, 25425, 25426, 25427, 25428, 25429, 25430, 25431, 25432, 25433, 25434, 25435, 25454, 25455, 25453, 25456, 25457, 25458, 25459, 25460, 25461, 25462, 25463, 25464, 25465, 25466, 25467